# z (m, negative down)   N (1/s)   from MRY_profile.txt, linear EOS
   -110.0000   2.135005e-02
   -109.9000   2.138393e-02
   -109.8000   2.145149e-02
   -109.7000   2.151873e-02
   -109.6000   2.158562e-02
   -109.5000   2.165217e-02
   -109.4000   2.171836e-02
   -109.3000   2.178418e-02
   -109.2000   2.184963e-02
   -109.1000   2.191469e-02
   -109.0000   2.197935e-02
   -108.9000   2.204361e-02
   -108.8000   2.210745e-02
   -108.7000   2.217086e-02
   -108.6000   2.223383e-02
   -108.5000   2.229636e-02
   -108.4000   2.235843e-02
   -108.3000   2.242003e-02
   -108.2000   2.248115e-02
   -108.1000   2.254179e-02
   -108.0000   2.260193e-02
   -107.9000   2.266156e-02
   -107.8000   2.272067e-02
   -107.7000   2.277925e-02
   -107.6000   2.283729e-02
   -107.5000   2.289479e-02
   -107.4000   2.295172e-02
   -107.3000   2.300809e-02
   -107.2000   2.306387e-02
   -107.1000   2.311907e-02
   -107.0000   2.317367e-02
   -106.9000   2.322766e-02
   -106.8000   2.328102e-02
   -106.7000   2.333376e-02
   -106.6000   2.338586e-02
   -106.5000   2.343730e-02
   -106.4000   2.348809e-02
   -106.3000   2.353821e-02
   -106.2000   2.358764e-02
   -106.1000   2.363639e-02
   -106.0000   2.368444e-02
   -105.9000   2.373177e-02
   -105.8000   2.377839e-02
   -105.7000   2.382427e-02
   -105.6000   2.386942e-02
   -105.5000   2.391382e-02
   -105.4000   2.395745e-02
   -105.3000   2.400032e-02
   -105.2000   2.404241e-02
   -105.1000   2.408371e-02
   -105.0000   2.412422e-02
   -104.9000   2.416391e-02
   -104.8000   2.420279e-02
   -104.7000   2.424084e-02
   -104.6000   2.427806e-02
   -104.5000   2.431443e-02
   -104.4000   2.434995e-02
   -104.3000   2.438460e-02
   -104.2000   2.441838e-02
   -104.1000   2.445128e-02
   -104.0000   2.448328e-02
   -103.9000   2.451439e-02
   -103.8000   2.454459e-02
   -103.7000   2.457387e-02
   -103.6000   2.460222e-02
   -103.5000   2.462964e-02
   -103.4000   2.465611e-02
   -103.3000   2.468163e-02
   -103.2000   2.470618e-02
   -103.1000   2.472977e-02
   -103.0000   2.475238e-02
   -102.9000   2.477400e-02
   -102.8000   2.479463e-02
   -102.7000   2.481426e-02
   -102.6000   2.483287e-02
   -102.5000   2.485047e-02
   -102.4000   2.486704e-02
   -102.3000   2.488257e-02
   -102.2000   2.489707e-02
   -102.1000   2.491051e-02
   -102.0000   2.492289e-02
   -101.9000   2.493422e-02
   -101.8000   2.494447e-02
   -101.7000   2.495364e-02
   -101.6000   2.496172e-02
   -101.5000   2.496871e-02
   -101.4000   2.497461e-02
   -101.3000   2.497939e-02
   -101.2000   2.498306e-02
   -101.1000   2.498562e-02
   -101.0000   2.498704e-02
   -100.9000   2.498734e-02
   -100.8000   2.498650e-02
   -100.7000   2.498451e-02
   -100.6000   2.498137e-02
   -100.5000   2.497708e-02
   -100.4000   2.497163e-02
   -100.3000   2.496501e-02
   -100.2000   2.495721e-02
   -100.1000   2.494824e-02
   -100.0000   2.493809e-02
    -99.9000   2.492675e-02
    -99.8000   2.491422e-02
    -99.7000   2.490049e-02
    -99.6000   2.488556e-02
    -99.5000   2.486942e-02
    -99.4000   2.485208e-02
    -99.3000   2.483352e-02
    -99.2000   2.481374e-02
    -99.1000   2.479275e-02
    -99.0000   2.477052e-02
    -98.9000   2.474707e-02
    -98.8000   2.472239e-02
    -98.7000   2.469648e-02
    -98.6000   2.466932e-02
    -98.5000   2.464093e-02
    -98.4000   2.461130e-02
    -98.3000   2.458042e-02
    -98.2000   2.454829e-02
    -98.1000   2.451492e-02
    -98.0000   2.448030e-02
    -97.9000   2.444442e-02
    -97.8000   2.440729e-02
    -97.7000   2.436890e-02
    -97.6000   2.432926e-02
    -97.5000   2.428837e-02
    -97.4000   2.424622e-02
    -97.3000   2.420281e-02
    -97.2000   2.415814e-02
    -97.1000   2.411221e-02
    -97.0000   2.406503e-02
    -96.9000   2.401659e-02
    -96.8000   2.396689e-02
    -96.7000   2.391594e-02
    -96.6000   2.386374e-02
    -96.5000   2.381028e-02
    -96.4000   2.375557e-02
    -96.3000   2.369961e-02
    -96.2000   2.364241e-02
    -96.1000   2.358395e-02
    -96.0000   2.352426e-02
    -95.9000   2.346333e-02
    -95.8000   2.340115e-02
    -95.7000   2.333775e-02
    -95.6000   2.327311e-02
    -95.5000   2.320725e-02
    -95.4000   2.314016e-02
    -95.3000   2.307186e-02
    -95.2000   2.300234e-02
    -95.1000   2.293161e-02
    -95.0000   2.285967e-02
    -94.9000   2.278654e-02
    -94.8000   2.271221e-02
    -94.7000   2.263670e-02
    -94.6000   2.256000e-02
    -94.5000   2.248212e-02
    -94.4000   2.240308e-02
    -94.3000   2.232288e-02
    -94.2000   2.224151e-02
    -94.1000   2.215901e-02
    -94.0000   2.207536e-02
    -93.9000   2.199058e-02
    -93.8000   2.190467e-02
    -93.7000   2.181765e-02
    -93.6000   2.172953e-02
    -93.5000   2.164031e-02
    -93.4000   2.155000e-02
    -93.3000   2.145861e-02
    -93.2000   2.136616e-02
    -93.1000   2.127265e-02
    -93.0000   2.117809e-02
    -92.9000   2.108250e-02
    -92.8000   2.098588e-02
    -92.7000   2.088826e-02
    -92.6000   2.078963e-02
    -92.5000   2.069002e-02
    -92.4000   2.058943e-02
    -92.3000   2.048789e-02
    -92.2000   2.038539e-02
    -92.1000   2.028196e-02
    -92.0000   2.017762e-02
    -91.9000   2.007236e-02
    -91.8000   1.996622e-02
    -91.7000   1.985921e-02
    -91.6000   1.975133e-02
    -91.5000   1.964261e-02
    -91.4000   1.953307e-02
    -91.3000   1.942272e-02
    -91.2000   1.931157e-02
    -91.1000   1.919965e-02
    -91.0000   1.908698e-02
    -90.9000   1.897357e-02
    -90.8000   1.885943e-02
    -90.7000   1.874460e-02
    -90.6000   1.862909e-02
    -90.5000   1.851292e-02
    -90.4000   1.839611e-02
    -90.3000   1.827868e-02
    -90.2000   1.816065e-02
    -90.1000   1.804205e-02
    -90.0000   1.792289e-02
    -89.9000   1.780320e-02
    -89.8000   1.768301e-02
    -89.7000   1.756233e-02
    -89.6000   1.744120e-02
    -89.5000   1.731963e-02
    -89.4000   1.719765e-02
    -89.3000   1.707528e-02
    -89.2000   1.695256e-02
    -89.1000   1.682950e-02
    -89.0000   1.670614e-02
    -88.9000   1.658251e-02
    -88.8000   1.645862e-02
    -88.7000   1.633452e-02
    -88.6000   1.621022e-02
    -88.5000   1.608576e-02
    -88.4000   1.596117e-02
    -88.3000   1.583647e-02
    -88.2000   1.571171e-02
    -88.1000   1.558691e-02
    -88.0000   1.546210e-02
    -87.9000   1.533732e-02
    -87.8000   1.521260e-02
    -87.7000   1.508798e-02
    -87.6000   1.496348e-02
    -87.5000   1.483915e-02
    -87.4000   1.471501e-02
    -87.3000   1.459111e-02
    -87.2000   1.446749e-02
    -87.1000   1.434417e-02
    -87.0000   1.422120e-02
    -86.9000   1.409862e-02
    -86.8000   1.397646e-02
    -86.7000   1.385477e-02
    -86.6000   1.373358e-02
    -86.5000   1.361294e-02
    -86.4000   1.349288e-02
    -86.3000   1.337345e-02
    -86.2000   1.325470e-02
    -86.1000   1.313665e-02
    -86.0000   1.301937e-02
    -85.9000   1.290288e-02
    -85.8000   1.278724e-02
    -85.7000   1.267249e-02
    -85.6000   1.255867e-02
    -85.5000   1.244584e-02
    -85.4000   1.233403e-02
    -85.3000   1.222329e-02
    -85.2000   1.211367e-02
    -85.1000   1.200522e-02
    -85.0000   1.189798e-02
    -84.9000   1.179201e-02
    -84.8000   1.168733e-02
    -84.7000   1.158402e-02
    -84.6000   1.148210e-02
    -84.5000   1.138164e-02
    -84.4000   1.128267e-02
    -84.3000   1.118525e-02
    -84.2000   1.108941e-02
    -84.1000   1.099522e-02
    -84.0000   1.090270e-02
    -83.9000   1.081192e-02
    -83.8000   1.072291e-02
    -83.7000   1.063572e-02
    -83.6000   1.055038e-02
    -83.5000   1.046696e-02
    -83.4000   1.038547e-02
    -83.3000   1.030598e-02
    -83.2000   1.022851e-02
    -83.1000   1.015310e-02
    -83.0000   1.007979e-02
    -82.9000   1.000861e-02
    -82.8000   9.939600e-03
    -82.7000   9.872788e-03
    -82.6000   9.808203e-03
    -82.5000   9.745872e-03
    -82.4000   9.685819e-03
    -82.3000   9.628069e-03
    -82.2000   9.572639e-03
    -82.1000   9.519549e-03
    -82.0000   9.468814e-03
    -81.9000   9.420445e-03
    -81.8000   9.374452e-03
    -81.7000   9.330842e-03
    -81.6000   9.289619e-03
    -81.5000   9.250784e-03
    -81.4000   9.214333e-03
    -81.3000   9.180263e-03
    -81.2000   9.148565e-03
    -81.1000   9.119227e-03
    -81.0000   9.092235e-03
    -80.9000   9.067572e-03
    -80.8000   9.045217e-03
    -80.7000   9.025147e-03
    -80.6000   9.007335e-03
    -80.5000   8.991753e-03
    -80.4000   8.978369e-03
    -80.3000   8.967147e-03
    -80.2000   8.958052e-03
    -80.1000   8.951044e-03
    -80.0000   8.946080e-03
    -79.9000   8.943117e-03
    -79.8000   8.942109e-03
    -79.7000   8.943008e-03
    -79.6000   8.945764e-03
    -79.5000   8.950326e-03
    -79.4000   8.956640e-03
    -79.3000   8.964654e-03
    -79.2000   8.974311e-03
    -79.1000   8.985555e-03
    -79.0000   8.998329e-03
    -78.9000   9.012575e-03
    -78.8000   9.028234e-03
    -78.7000   9.045247e-03
    -78.6000   9.063555e-03
    -78.5000   9.083099e-03
    -78.4000   9.103819e-03
    -78.3000   9.125655e-03
    -78.2000   9.148549e-03
    -78.1000   9.172440e-03
    -78.0000   9.197271e-03
    -77.9000   9.222984e-03
    -77.8000   9.249521e-03
    -77.7000   9.276824e-03
    -77.6000   9.304838e-03
    -77.5000   9.333508e-03
    -77.4000   9.362779e-03
    -77.3000   9.392598e-03
    -77.2000   9.422912e-03
    -77.1000   9.453669e-03
    -77.0000   9.484819e-03
    -76.9000   9.516314e-03
    -76.8000   9.548104e-03
    -76.7000   9.580143e-03
    -76.6000   9.612386e-03
    -76.5000   9.644787e-03
    -76.4000   9.677303e-03
    -76.3000   9.709893e-03
    -76.2000   9.742515e-03
    -76.1000   9.775130e-03
    -76.0000   9.807701e-03
    -75.9000   9.840189e-03
    -75.8000   9.872560e-03
    -75.7000   9.904779e-03
    -75.6000   9.936812e-03
    -75.5000   9.968629e-03
    -75.4000   1.000020e-02
    -75.3000   1.003149e-02
    -75.2000   1.006248e-02
    -75.1000   1.009313e-02
    -75.0000   1.012343e-02
    -74.9000   1.015335e-02
    -74.8000   1.018286e-02
    -74.7000   1.021194e-02
    -74.6000   1.024058e-02
    -74.5000   1.026874e-02
    -74.4000   1.029642e-02
    -74.3000   1.032359e-02
    -74.2000   1.035025e-02
    -74.1000   1.037636e-02
    -74.0000   1.040192e-02
    -73.9000   1.042692e-02
    -73.8000   1.045134e-02
    -73.7000   1.047516e-02
    -73.6000   1.049839e-02
    -73.5000   1.052101e-02
    -73.4000   1.054301e-02
    -73.3000   1.056438e-02
    -73.2000   1.058511e-02
    -73.1000   1.060521e-02
    -73.0000   1.062466e-02
    -72.9000   1.064346e-02
    -72.8000   1.066160e-02
    -72.7000   1.067909e-02
    -72.6000   1.069591e-02
    -72.5000   1.071207e-02
    -72.4000   1.072757e-02
    -72.3000   1.074241e-02
    -72.2000   1.075658e-02
    -72.1000   1.077009e-02
    -72.0000   1.078293e-02
    -71.9000   1.079512e-02
    -71.8000   1.080666e-02
    -71.7000   1.081754e-02
    -71.6000   1.082777e-02
    -71.5000   1.083735e-02
    -71.4000   1.084629e-02
    -71.3000   1.085460e-02
    -71.2000   1.086228e-02
    -71.1000   1.086933e-02
    -71.0000   1.087577e-02
    -70.9000   1.088159e-02
    -70.8000   1.088681e-02
    -70.7000   1.089143e-02
    -70.6000   1.089546e-02
    -70.5000   1.089892e-02
    -70.4000   1.090179e-02
    -70.3000   1.090411e-02
    -70.2000   1.090587e-02
    -70.1000   1.090708e-02
    -70.0000   1.090775e-02
    -69.9000   1.090789e-02
    -69.8000   1.090751e-02
    -69.7000   1.090663e-02
    -69.6000   1.090524e-02
    -69.5000   1.090336e-02
    -69.4000   1.090100e-02
    -69.3000   1.089816e-02
    -69.2000   1.089487e-02
    -69.1000   1.089112e-02
    -69.0000   1.088693e-02
    -68.9000   1.088230e-02
    -68.8000   1.087725e-02
    -68.7000   1.087179e-02
    -68.6000   1.086592e-02
    -68.5000   1.085966e-02
    -68.4000   1.085301e-02
    -68.3000   1.084598e-02
    -68.2000   1.083858e-02
    -68.1000   1.083082e-02
    -68.0000   1.082271e-02
    -67.9000   1.081425e-02
    -67.8000   1.080546e-02
    -67.7000   1.079634e-02
    -67.6000   1.078690e-02
    -67.5000   1.077715e-02
    -67.4000   1.076709e-02
    -67.3000   1.075673e-02
    -67.2000   1.074608e-02
    -67.1000   1.073514e-02
    -67.0000   1.072391e-02
    -66.9000   1.071241e-02
    -66.8000   1.070064e-02
    -66.7000   1.068861e-02
    -66.6000   1.067631e-02
    -66.5000   1.066375e-02
    -66.4000   1.065093e-02
    -66.3000   1.063787e-02
    -66.2000   1.062455e-02
    -66.1000   1.061099e-02
    -66.0000   1.059719e-02
    -65.9000   1.058314e-02
    -65.8000   1.056886e-02
    -65.7000   1.055433e-02
    -65.6000   1.053957e-02
    -65.5000   1.052456e-02
    -65.4000   1.050932e-02
    -65.3000   1.049384e-02
    -65.2000   1.047812e-02
    -65.1000   1.046215e-02
    -65.0000   1.044595e-02
    -64.9000   1.042950e-02
    -64.8000   1.041280e-02
    -64.7000   1.039586e-02
    -64.6000   1.037866e-02
    -64.5000   1.036121e-02
    -64.4000   1.034351e-02
    -64.3000   1.032554e-02
    -64.2000   1.030730e-02
    -64.1000   1.028880e-02
    -64.0000   1.027002e-02
    -63.9000   1.025097e-02
    -63.8000   1.023163e-02
    -63.7000   1.021200e-02
    -63.6000   1.019209e-02
    -63.5000   1.017187e-02
    -63.4000   1.015135e-02
    -63.3000   1.013052e-02
    -63.2000   1.010938e-02
    -63.1000   1.008792e-02
    -63.0000   1.006613e-02
    -62.9000   1.004401e-02
    -62.8000   1.002155e-02
    -62.7000   9.998754e-03
    -62.6000   9.975605e-03
    -62.5000   9.952102e-03
    -62.4000   9.928239e-03
    -62.3000   9.904010e-03
    -62.2000   9.879409e-03
    -62.1000   9.854432e-03
    -62.0000   9.829073e-03
    -61.9000   9.803326e-03
    -61.8000   9.777188e-03
    -61.7000   9.750652e-03
    -61.6000   9.723715e-03
    -61.5000   9.696373e-03
    -61.4000   9.668621e-03
    -61.3000   9.640455e-03
    -61.2000   9.611872e-03
    -61.1000   9.582870e-03
    -61.0000   9.553444e-03
    -60.9000   9.523594e-03
    -60.8000   9.493315e-03
    -60.7000   9.462608e-03
    -60.6000   9.431470e-03
    -60.5000   9.399901e-03
    -60.4000   9.367900e-03
    -60.3000   9.335467e-03
    -60.2000   9.302603e-03
    -60.1000   9.269309e-03
    -60.0000   9.235585e-03
    -59.9000   9.201435e-03
    -59.8000   9.166860e-03
    -59.7000   9.131863e-03
    -59.6000   9.096448e-03
    -59.5000   9.060620e-03
    -59.4000   9.024382e-03
    -59.3000   8.987741e-03
    -59.2000   8.950701e-03
    -59.1000   8.913270e-03
    -59.0000   8.875454e-03
    -58.9000   8.837261e-03
    -58.8000   8.798699e-03
    -58.7000   8.759777e-03
    -58.6000   8.720505e-03
    -58.5000   8.680892e-03
    -58.4000   8.640949e-03
    -58.3000   8.600688e-03
    -58.2000   8.560120e-03
    -58.1000   8.519258e-03
    -58.0000   8.478115e-03
    -57.9000   8.436704e-03
    -57.8000   8.395041e-03
    -57.7000   8.353140e-03
    -57.6000   8.311015e-03
    -57.5000   8.268685e-03
    -57.4000   8.226163e-03
    -57.3000   8.183469e-03
    -57.2000   8.140619e-03
    -57.1000   8.097632e-03
    -57.0000   8.054526e-03
    -56.9000   8.011319e-03
    -56.8000   7.968032e-03
    -56.7000   7.924684e-03
    -56.6000   7.881296e-03
    -56.5000   7.837887e-03
    -56.4000   7.794479e-03
    -56.3000   7.751093e-03
    -56.2000   7.707750e-03
    -56.1000   7.664472e-03
    -56.0000   7.621280e-03
    -55.9000   7.578196e-03
    -55.8000   7.535242e-03
    -55.7000   7.492440e-03
    -55.6000   7.449812e-03
    -55.5000   7.407380e-03
    -55.4000   7.365166e-03
    -55.3000   7.323190e-03
    -55.2000   7.281475e-03
    -55.1000   7.240041e-03
    -55.0000   7.198910e-03
    -54.9000   7.158101e-03
    -54.8000   7.117635e-03
    -54.7000   7.077531e-03
    -54.6000   7.037807e-03
    -54.5000   6.998483e-03
    -54.4000   6.959575e-03
    -54.3000   6.921101e-03
    -54.2000   6.883075e-03
    -54.1000   6.845515e-03
    -54.0000   6.808432e-03
    -53.9000   6.771842e-03
    -53.8000   6.735755e-03
    -53.7000   6.700184e-03
    -53.6000   6.665137e-03
    -53.5000   6.630624e-03
    -53.4000   6.596652e-03
    -53.3000   6.563227e-03
    -53.2000   6.530355e-03
    -53.1000   6.498037e-03
    -53.0000   6.466277e-03
    -52.9000   6.435075e-03
    -52.8000   6.404431e-03
    -52.7000   6.374341e-03
    -52.6000   6.344801e-03
    -52.5000   6.315808e-03
    -52.4000   6.287353e-03
    -52.3000   6.259428e-03
    -52.2000   6.232023e-03
    -52.1000   6.205126e-03
    -52.0000   6.178725e-03
    -51.9000   6.152805e-03
    -51.8000   6.127350e-03
    -51.7000   6.102343e-03
    -51.6000   6.077764e-03
    -51.5000   6.053595e-03
    -51.4000   6.029812e-03
    -51.3000   6.006394e-03
    -51.2000   5.983316e-03
    -51.1000   5.960554e-03
    -51.0000   5.938082e-03
    -50.9000   5.915871e-03
    -50.8000   5.893895e-03
    -50.7000   5.872124e-03
    -50.6000   5.850528e-03
    -50.5000   5.829077e-03
    -50.4000   5.807740e-03
    -50.3000   5.786486e-03
    -50.2000   5.765282e-03
    -50.1000   5.744095e-03
    -50.0000   5.722894e-03
    -49.9000   5.701645e-03
    -49.8000   5.680316e-03
    -49.7000   5.658872e-03
    -49.6000   5.637283e-03
    -49.5000   5.615515e-03
    -49.4000   5.593535e-03
    -49.3000   5.571311e-03
    -49.2000   5.548813e-03
    -49.1000   5.526010e-03
    -49.0000   5.502870e-03
    -48.9000   5.479365e-03
    -48.8000   5.455465e-03
    -48.7000   5.431144e-03
    -48.6000   5.406373e-03
    -48.5000   5.381129e-03
    -48.4000   5.355386e-03
    -48.3000   5.329121e-03
    -48.2000   5.302312e-03
    -48.1000   5.274939e-03
    -48.0000   5.246984e-03
    -47.9000   5.218429e-03
    -47.8000   5.189258e-03
    -47.7000   5.159459e-03
    -47.6000   5.129018e-03
    -47.5000   5.097928e-03
    -47.4000   5.066179e-03
    -47.3000   5.033766e-03
    -47.2000   5.000687e-03
    -47.1000   4.966938e-03
    -47.0000   4.932523e-03
    -46.9000   4.897445e-03
    -46.8000   4.861710e-03
    -46.7000   4.825327e-03
    -46.6000   4.788308e-03
    -46.5000   4.750668e-03
    -46.4000   4.712424e-03
    -46.3000   4.673597e-03
    -46.2000   4.634210e-03
    -46.1000   4.594290e-03
    -46.0000   4.553868e-03
    -45.9000   4.512978e-03
    -45.8000   4.471655e-03
    -45.7000   4.429941e-03
    -45.6000   4.387881e-03
    -45.5000   4.345521e-03
    -45.4000   4.302915e-03
    -45.3000   4.260118e-03
    -45.2000   4.217189e-03
    -45.1000   4.174193e-03
    -45.0000   4.131196e-03
    -44.9000   4.088272e-03
    -44.8000   4.045495e-03
    -44.7000   4.002946e-03
    -44.6000   3.960708e-03
    -44.5000   3.918870e-03
    -44.4000   3.877522e-03
    -44.3000   3.836761e-03
    -44.2000   3.796684e-03
    -44.1000   3.757393e-03
    -44.0000   3.718994e-03
    -43.9000   3.681593e-03
    -43.8000   3.645299e-03
    -43.7000   3.610223e-03
    -43.6000   3.576477e-03
    -43.5000   3.544173e-03
    -43.4000   3.513422e-03
    -43.3000   3.484334e-03
    -43.2000   3.457017e-03
    -43.1000   3.431578e-03
    -43.0000   3.408115e-03
    -42.9000   3.386727e-03
    -42.8000   3.367502e-03
    -42.7000   3.350523e-03
    -42.6000   3.335866e-03
    -42.5000   3.323595e-03
    -42.4000   3.313766e-03
    -42.3000   3.306424e-03
    -42.2000   3.301603e-03
    -42.1000   3.299324e-03
    -42.0000   3.299596e-03
    -41.9000   3.302414e-03
    -41.8000   3.307763e-03
    -41.7000   3.315614e-03
    -41.6000   3.325925e-03
    -41.5000   3.338642e-03
    -41.4000   3.353702e-03
    -41.3000   3.371030e-03
    -41.2000   3.390539e-03
    -41.1000   3.412137e-03
    -41.0000   3.435723e-03
    -40.9000   3.461187e-03
    -40.8000   3.488416e-03
    -40.7000   3.517291e-03
    -40.6000   3.547690e-03
    -40.5000   3.579488e-03
    -40.4000   3.612558e-03
    -40.3000   3.646773e-03
    -40.2000   3.682006e-03
    -40.1000   3.718131e-03
    -40.0000   3.755023e-03
    -39.9000   3.792562e-03
    -39.8000   3.830628e-03
    -39.7000   3.869106e-03
    -39.6000   3.907886e-03
    -39.5000   3.946862e-03
    -39.4000   3.985933e-03
    -39.3000   4.025006e-03
    -39.2000   4.063990e-03
    -39.1000   4.102805e-03
    -39.0000   4.141375e-03
    -38.9000   4.179632e-03
    -38.8000   4.217515e-03
    -38.7000   4.254971e-03
    -38.6000   4.291957e-03
    -38.5000   4.328436e-03
    -38.4000   4.364381e-03
    -38.3000   4.399773e-03
    -38.2000   4.434602e-03
    -38.1000   4.468871e-03
    -38.0000   4.502588e-03
    -37.9000   4.535774e-03
    -37.8000   4.568458e-03
    -37.7000   4.600682e-03
    -37.6000   4.632497e-03
    -37.5000   4.663964e-03
    -37.4000   4.695156e-03
    -37.3000   4.726155e-03
    -37.2000   4.757057e-03
    -37.1000   4.787965e-03
    -37.0000   4.818994e-03
    -36.9000   4.850270e-03
    -36.8000   4.881928e-03
    -36.7000   4.914113e-03
    -36.6000   4.946978e-03
    -36.5000   4.980687e-03
    -36.4000   5.015408e-03
    -36.3000   5.051319e-03
    -36.2000   5.088603e-03
    -36.1000   5.127446e-03
    -36.0000   5.168041e-03
    -35.9000   5.210581e-03
    -35.8000   5.255261e-03
    -35.7000   5.302274e-03
    -35.6000   5.351813e-03
    -35.5000   5.404066e-03
    -35.4000   5.459217e-03
    -35.3000   5.517441e-03
    -35.2000   5.578908e-03
    -35.1000   5.643774e-03
    -35.0000   5.712188e-03
    -34.9000   5.784283e-03
    -34.8000   5.860179e-03
    -34.7000   5.939983e-03
    -34.6000   6.023784e-03
    -34.5000   6.111655e-03
    -34.4000   6.203652e-03
    -34.3000   6.299814e-03
    -34.2000   6.400162e-03
    -34.1000   6.504701e-03
    -34.0000   6.613415e-03
    -33.9000   6.726275e-03
    -33.8000   6.843232e-03
    -33.7000   6.964224e-03
    -33.6000   7.089170e-03
    -33.5000   7.217978e-03
    -33.4000   7.350540e-03
    -33.3000   7.486736e-03
    -33.2000   7.626432e-03
    -33.1000   7.769485e-03
    -33.0000   7.915742e-03
    -32.9000   8.065037e-03
    -32.8000   8.217200e-03
    -32.7000   8.372050e-03
    -32.6000   8.529401e-03
    -32.5000   8.689060e-03
    -32.4000   8.850829e-03
    -32.3000   9.014506e-03
    -32.2000   9.179884e-03
    -32.1000   9.346753e-03
    -32.0000   9.514901e-03
    -31.9000   9.684114e-03
    -31.8000   9.854175e-03
    -31.7000   1.002487e-02
    -31.6000   1.019598e-02
    -31.5000   1.036728e-02
    -31.4000   1.053856e-02
    -31.3000   1.070961e-02
    -31.2000   1.088021e-02
    -31.1000   1.105014e-02
    -31.0000   1.121919e-02
    -30.9000   1.138715e-02
    -30.8000   1.155382e-02
    -30.7000   1.171900e-02
    -30.6000   1.188247e-02
    -30.5000   1.204404e-02
    -30.4000   1.220353e-02
    -30.3000   1.236073e-02
    -30.2000   1.251546e-02
    -30.1000   1.266755e-02
    -30.0000   1.281680e-02
    -29.9000   1.296306e-02
    -29.8000   1.310615e-02
    -29.7000   1.324591e-02
    -29.6000   1.338219e-02
    -29.5000   1.351482e-02
    -29.4000   1.364367e-02
    -29.3000   1.376860e-02
    -29.2000   1.388948e-02
    -29.1000   1.400616e-02
    -29.0000   1.411854e-02
    -28.9000   1.422650e-02
    -28.8000   1.432992e-02
    -28.7000   1.442872e-02
    -28.6000   1.452278e-02
    -28.5000   1.461202e-02
    -28.4000   1.469636e-02
    -28.3000   1.477572e-02
    -28.2000   1.485004e-02
    -28.1000   1.491925e-02
    -28.0000   1.498329e-02
    -27.9000   1.504212e-02
    -27.8000   1.509570e-02
    -27.7000   1.514398e-02
    -27.6000   1.518695e-02
    -27.5000   1.522458e-02
    -27.4000   1.525685e-02
    -27.3000   1.528377e-02
    -27.2000   1.530532e-02
    -27.1000   1.532150e-02
    -27.0000   1.533234e-02
    -26.9000   1.533785e-02
    -26.8000   1.533805e-02
    -26.7000   1.533297e-02
    -26.6000   1.532265e-02
    -26.5000   1.530713e-02
    -26.4000   1.528645e-02
    -26.3000   1.526066e-02
    -26.2000   1.522983e-02
    -26.1000   1.519402e-02
    -26.0000   1.515329e-02
    -25.9000   1.510771e-02
    -25.8000   1.505737e-02
    -25.7000   1.500234e-02
    -25.6000   1.494270e-02
    -25.5000   1.487856e-02
    -25.4000   1.480999e-02
    -25.3000   1.473710e-02
    -25.2000   1.465998e-02
    -25.1000   1.457875e-02
    -25.0000   1.449350e-02
    -24.9000   1.440434e-02
    -24.8000   1.431139e-02
    -24.7000   1.421475e-02
    -24.6000   1.411455e-02
    -24.5000   1.401090e-02
    -24.4000   1.390391e-02
    -24.3000   1.379371e-02
    -24.2000   1.368043e-02
    -24.1000   1.356417e-02
    -24.0000   1.344507e-02
    -23.9000   1.332325e-02
    -23.8000   1.319883e-02
    -23.7000   1.307193e-02
    -23.6000   1.294269e-02
    -23.5000   1.281121e-02
    -23.4000   1.267764e-02
    -23.3000   1.254208e-02
    -23.2000   1.240467e-02
    -23.1000   1.226551e-02
    -23.0000   1.212474e-02
    -22.9000   1.198247e-02
    -22.8000   1.183882e-02
    -22.7000   1.169389e-02
    -22.6000   1.154782e-02
    -22.5000   1.140070e-02
    -22.4000   1.125265e-02
    -22.3000   1.110378e-02
    -22.2000   1.095419e-02
    -22.1000   1.080398e-02
    -22.0000   1.065327e-02
    -21.9000   1.050214e-02
    -21.8000   1.035069e-02
    -21.7000   1.019902e-02
    -21.6000   1.004722e-02
    -21.5000   9.895374e-03
    -21.4000   9.743571e-03
    -21.3000   9.591895e-03
    -21.2000   9.440425e-03
    -21.1000   9.289240e-03
    -21.0000   9.138414e-03
    -20.9000   8.988020e-03
    -20.8000   8.838128e-03
    -20.7000   8.688804e-03
    -20.6000   8.540113e-03
    -20.5000   8.392115e-03
    -20.4000   8.244871e-03
    -20.3000   8.098436e-03
    -20.2000   7.952864e-03
    -20.1000   7.808206e-03
    -20.0000   7.664512e-03
    -19.9000   7.521826e-03
    -19.8000   7.380194e-03
    -19.7000   7.239658e-03
    -19.6000   7.100258e-03
    -19.5000   6.962030e-03
    -19.4000   6.825011e-03
    -19.3000   6.689236e-03
    -19.2000   6.554735e-03
    -19.1000   6.421540e-03
    -19.0000   6.289679e-03
    -18.9000   6.159181e-03
    -18.8000   6.030071e-03
    -18.7000   5.902374e-03
    -18.6000   5.776114e-03
    -18.5000   5.651314e-03
    -18.4000   5.527996e-03
    -18.3000   5.406181e-03
    -18.2000   5.285889e-03
    -18.1000   5.167141e-03
    -18.0000   5.049957e-03
    -17.9000   4.934355e-03
    -17.8000   4.820356e-03
    -17.7000   4.707978e-03
    -17.6000   4.597242e-03
    -17.5000   4.488166e-03
    -17.4000   4.380772e-03
    -17.3000   4.275079e-03
    -17.2000   4.171110e-03
    -17.1000   4.068887e-03
    -17.0000   3.968433e-03
    -16.9000   3.869772e-03
    -16.8000   3.772931e-03
    -16.7000   3.677935e-03
    -16.6000   3.584813e-03
    -16.5000   3.493596e-03
    -16.4000   3.404314e-03
    -16.3000   3.317002e-03
    -16.2000   3.231695e-03
    -16.1000   3.148429e-03
    -16.0000   3.067244e-03
    -15.9000   2.988181e-03
    -15.8000   2.911283e-03
    -15.7000   2.836595e-03
    -15.6000   2.764164e-03
    -15.5000   2.694038e-03
    -15.4000   2.626268e-03
    -15.3000   2.560903e-03
    -15.2000   2.497995e-03
    -15.1000   2.437597e-03
    -15.0000   2.379760e-03
    -14.9000   2.324535e-03
    -14.8000   2.271972e-03
    -14.7000   2.222116e-03
    -14.6000   2.175011e-03
    -14.5000   2.130697e-03
    -14.4000   2.089206e-03
    -14.3000   2.050566e-03
    -14.2000   2.014797e-03
    -14.1000   1.981909e-03
    -14.0000   1.951902e-03
    -13.9000   1.924769e-03
    -13.8000   1.900486e-03
    -13.7000   1.879023e-03
    -13.6000   1.860333e-03
    -13.5000   1.844360e-03
    -13.4000   1.831034e-03
    -13.3000   1.820274e-03
    -13.2000   1.811989e-03
    -13.1000   1.806077e-03
    -13.0000   1.802427e-03
    -12.9000   1.800922e-03
    -12.8000   1.801436e-03
    -12.7000   1.803840e-03
    -12.6000   1.808003e-03
    -12.5000   1.813788e-03
    -12.4000   1.821060e-03
    -12.3000   1.829684e-03
    -12.2000   1.839525e-03
    -12.1000   1.850453e-03
    -12.0000   1.862336e-03
    -11.9000   1.875052e-03
    -11.8000   1.888478e-03
    -11.7000   1.902498e-03
    -11.6000   1.916999e-03
    -11.5000   1.931875e-03
    -11.4000   1.947023e-03
    -11.3000   1.962346e-03
    -11.2000   1.977750e-03
    -11.1000   1.993149e-03
    -11.0000   2.008459e-03
    -10.9000   2.023601e-03
    -10.8000   2.038499e-03
    -10.7000   2.053083e-03
    -10.6000   2.067286e-03
    -10.5000   2.081044e-03
    -10.4000   2.094296e-03
    -10.3000   2.106984e-03
    -10.2000   2.119053e-03
    -10.1000   2.130451e-03
    -10.0000   2.141128e-03
     -9.9000   2.151036e-03
     -9.8000   2.160127e-03
     -9.7000   2.168359e-03
     -9.6000   2.175686e-03
     -9.5000   2.182068e-03
     -9.4000   2.187462e-03
     -9.3000   2.191829e-03
     -9.2000   2.195128e-03
     -9.1000   2.197321e-03
     -9.0000   2.198369e-03
     -8.9000   2.198231e-03
     -8.8000   2.196869e-03
     -8.7000   2.194243e-03
     -8.6000   2.190311e-03
     -8.5000   2.185033e-03
     -8.4000   2.178365e-03
     -8.3000   2.170263e-03
     -8.2000   2.160681e-03
     -8.1000   2.149570e-03
     -8.0000   2.136879e-03
     -7.9000   2.122553e-03
     -7.8000   2.106535e-03
     -7.7000   2.088762e-03
     -7.6000   2.069166e-03
     -7.5000   2.047676e-03
     -7.4000   2.024211e-03
     -7.3000   1.998683e-03
     -7.2000   1.970995e-03
     -7.1000   1.941040e-03
     -7.0000   1.908696e-03
     -6.9000   1.873825e-03
     -6.8000   1.836273e-03
     -6.7000   1.795860e-03
     -6.6000   1.752379e-03
     -6.5000   1.705587e-03
     -6.4000   1.655196e-03
     -6.3000   1.600862e-03
     -6.2000   1.542162e-03
     -6.1000   1.478574e-03
     -6.0000   1.409436e-03
     -5.9000   1.333886e-03
     -5.8000   1.250762e-03
     -5.7000   1.158442e-03
     -5.6000   1.054517e-03
     -5.5000   9.351380e-04
     -5.4000   7.933707e-04
     -5.3000   6.139170e-04
     -5.2000   3.418816e-04
     -5.1000   1.000000e-04
     -5.0000   1.000000e-04
     -4.9000   1.000000e-04
     -4.8000   1.000000e-04
     -4.7000   1.000000e-04
     -4.6000   1.000000e-04
     -4.5000   1.000000e-04
     -4.4000   1.000000e-04
     -4.3000   1.000000e-04
     -4.2000   1.000000e-04
     -4.1000   1.000000e-04
     -4.0000   1.000000e-04
     -3.9000   1.000000e-04
     -3.8000   1.000000e-04
     -3.7000   1.000000e-04
     -3.6000   1.000000e-04
     -3.5000   1.000000e-04
     -3.4000   1.000000e-04
     -3.3000   1.000000e-04
     -3.2000   1.000000e-04
     -3.1000   1.000000e-04
     -3.0000   1.000000e-04
     -2.9000   1.000000e-04
     -2.8000   1.000000e-04
     -2.7000   1.000000e-04
     -2.6000   1.000000e-04
     -2.5000   1.000000e-04
     -2.4000   1.000000e-04
     -2.3000   1.000000e-04
     -2.2000   1.000000e-04
     -2.1000   1.000000e-04
     -2.0000   1.000000e-04
     -1.9000   1.000000e-04
     -1.8000   1.000000e-04
     -1.7000   1.000000e-04
     -1.6000   1.000000e-04
     -1.5000   1.000000e-04
     -1.4000   1.000000e-04
     -1.3000   1.000000e-04
     -1.2000   1.000000e-04
     -1.1000   1.000000e-04
     -1.0000   1.000000e-04
     -0.9000   1.000000e-04
     -0.8000   1.000000e-04
     -0.7000   1.000000e-04
     -0.6000   1.000000e-04
     -0.5000   1.000000e-04
     -0.4000   1.000000e-04
     -0.3000   1.000000e-04
     -0.2000   1.000000e-04
     -0.1000   1.000000e-04
      0.0000   1.000000e-04
