# z (m, negative down)   N (1/s)   from C1_CTD.mat cast 2010-05-18, density smoothed over 6 m
   -110.0000   7.885969e-04
   -109.9000   7.835255e-04
   -109.8000   7.732829e-04
   -109.7000   7.629028e-04
   -109.6000   7.523795e-04
   -109.5000   7.417069e-04
   -109.4000   7.308785e-04
   -109.3000   7.198872e-04
   -109.2000   7.087255e-04
   -109.1000   6.973852e-04
   -109.0000   6.800201e-04
   -108.9000   6.561523e-04
   -108.8000   6.313829e-04
   -108.7000   6.056012e-04
   -108.6000   5.786719e-04
   -108.5000   5.504268e-04
   -108.4000   5.206516e-04
   -108.3000   4.890671e-04
   -108.2000   4.552967e-04
   -108.1000   4.188120e-04
   -108.0000   4.464551e-04
   -107.9000   5.282528e-04
   -107.8000   5.989824e-04
   -107.7000   6.621999e-04
   -107.6000   7.198872e-04
   -107.5000   7.732829e-04
   -107.4000   8.232225e-04
   -107.3000   8.703012e-04
   -107.2000   9.149607e-04
   -107.1000   9.575395e-04
   -107.0000   9.902853e-04
   -106.9000   1.014151e-03
   -106.8000   1.037468e-03
   -106.7000   1.060272e-03
   -106.6000   1.082596e-03
   -106.5000   1.104469e-03
   -106.4000   1.125917e-03
   -106.3000   1.146964e-03
   -106.2000   1.167632e-03
   -106.1000   1.187940e-03
   -106.0000   1.201288e-03
   -105.9000   1.207907e-03
   -105.8000   1.214489e-03
   -105.7000   1.221036e-03
   -105.6000   1.227549e-03
   -105.5000   1.234026e-03
   -105.4000   1.240470e-03
   -105.3000   1.246881e-03
   -105.2000   1.253259e-03
   -105.1000   1.259605e-03
   -105.0000   1.230792e-03
   -104.9000   1.164212e-03
   -104.8000   1.093587e-03
   -104.7000   1.018074e-03
   -104.6000   9.364921e-04
   -104.5000   8.470890e-04
   -104.4000   7.470623e-04
   -104.3000   6.313829e-04
   -104.2000   4.890670e-04
   -104.1000   2.823630e-04
   -104.0000   1.546566e-04
   -103.9000   2.678731e-04
   -103.8000   3.458226e-04
   -103.7000   4.091828e-04
   -103.6000   4.639697e-04
   -103.5000   5.129379e-04
   -103.4000   5.576222e-04
   -103.3000   5.989824e-04
   -103.2000   6.376654e-04
   -103.1000   6.741324e-04
   -103.0000   7.143282e-04
   -102.9000   7.576594e-04
   -102.8000   7.986432e-04
   -102.7000   8.376240e-04
   -102.6000   8.748697e-04
   -102.5000   9.105933e-04
   -102.4000   9.449673e-04
   -102.3000   9.781341e-04
   -102.2000   1.010213e-03
   -102.1000   1.041303e-03
   -102.0000   1.037468e-03
   -101.9000   9.983040e-04
   -101.8000   9.575395e-04
   -101.7000   9.149607e-04
   -101.6000   8.703012e-04
   -101.5000   8.232225e-04
   -101.4000   7.732829e-04
   -101.3000   7.198872e-04
   -101.2000   6.621999e-04
   -101.1000   5.989824e-04
   -101.0000   5.282528e-04
   -100.9000   4.464551e-04
   -100.8000   3.458226e-04
   -100.7000   1.996608e-04
   -100.6000   1.000000e-04
   -100.5000   1.000000e-04
   -100.4000   1.000000e-04
   -100.3000   1.000000e-04
   -100.2000   1.000000e-04
   -100.1000   1.000000e-04
   -100.0000   1.000000e-04
    -99.9000   1.000000e-04
    -99.8000   1.000000e-04
    -99.7000   1.000000e-04
    -99.6000   1.000000e-04
    -99.5000   2.187174e-04
    -99.4000   3.788297e-04
    -99.3000   4.890671e-04
    -99.2000   5.786719e-04
    -99.1000   6.561523e-04
    -99.0000   7.681104e-04
    -98.9000   9.017951e-04
    -98.8000   1.018074e-03
    -98.7000   1.122371e-03
    -98.6000   1.217767e-03
    -98.5000   1.306215e-03
    -98.4000   1.389042e-03
    -98.3000   1.467201e-03
    -98.2000   1.541402e-03
    -98.1000   1.612191e-03
    -98.0000   1.644022e-03
    -97.9000   1.639165e-03
    -97.8000   1.634294e-03
    -97.7000   1.629408e-03
    -97.6000   1.624508e-03
    -97.5000   1.619592e-03
    -97.4000   1.614662e-03
    -97.3000   1.609717e-03
    -97.2000   1.604756e-03
    -97.1000   1.599780e-03
    -97.0000   1.587272e-03
    -96.9000   1.567051e-03
    -96.8000   1.546566e-03
    -96.7000   1.525806e-03
    -96.6000   1.504759e-03
    -96.5000   1.483414e-03
    -96.4000   1.461757e-03
    -96.3000   1.439774e-03
    -96.2000   1.417451e-03
    -96.1000   1.394770e-03
    -96.0000   1.394770e-03
    -95.9000   1.417451e-03
    -95.8000   1.439774e-03
    -95.7000   1.461757e-03
    -95.6000   1.483414e-03
    -95.5000   1.504759e-03
    -95.4000   1.525806e-03
    -95.3000   1.546566e-03
    -95.2000   1.567051e-03
    -95.1000   1.587272e-03
    -95.0000   1.609717e-03
    -94.9000   1.634294e-03
    -94.8000   1.658507e-03
    -94.7000   1.682372e-03
    -94.6000   1.705903e-03
    -94.5000   1.729113e-03
    -94.4000   1.752016e-03
    -94.3000   1.774624e-03
    -94.2000   1.796947e-03
    -94.1000   1.818996e-03
    -94.0000   1.805799e-03
    -93.9000   1.756561e-03
    -93.8000   1.705903e-03
    -93.7000   1.653693e-03
    -93.6000   1.599780e-03
    -93.5000   1.543986e-03
    -93.4000   1.486099e-03
    -93.3000   1.425863e-03
    -93.2000   1.362968e-03
    -93.1000   1.297027e-03
    -93.0000   1.259605e-03
    -92.9000   1.253259e-03
    -92.8000   1.246881e-03
    -92.7000   1.240470e-03
    -92.6000   1.234026e-03
    -92.5000   1.227549e-03
    -92.4000   1.221036e-03
    -92.3000   1.214489e-03
    -92.2000   1.207907e-03
    -92.1000   1.201288e-03
    -92.0000   1.272201e-03
    -91.9000   1.408989e-03
    -91.8000   1.533624e-03
    -91.7000   1.648865e-03
    -91.6000   1.756561e-03
    -91.5000   1.858026e-03
    -91.4000   1.954229e-03
    -91.3000   2.045914e-03
    -91.2000   2.133663e-03
    -91.1000   2.217943e-03
    -91.0000   2.283477e-03
    -90.9000   2.331847e-03
    -90.8000   2.379233e-03
    -90.7000   2.425694e-03
    -90.6000   2.471281e-03
    -90.5000   2.516043e-03
    -90.4000   2.560022e-03
    -90.3000   2.603258e-03
    -90.2000   2.645788e-03
    -90.1000   2.687645e-03
    -90.0000   2.717148e-03
    -89.9000   2.734697e-03
    -89.8000   2.752134e-03
    -89.7000   2.769461e-03
    -89.6000   2.786681e-03
    -89.5000   2.803795e-03
    -89.4000   2.820805e-03
    -89.3000   2.837713e-03
    -89.2000   2.854521e-03
    -89.1000   2.871230e-03
    -89.0000   2.893360e-03
    -88.9000   2.920786e-03
    -88.8000   2.947956e-03
    -88.7000   2.974879e-03
    -88.6000   3.001560e-03
    -88.5000   3.028006e-03
    -88.4000   3.054223e-03
    -88.3000   3.080217e-03
    -88.2000   3.105993e-03
    -88.1000   3.131557e-03
    -88.0000   3.160700e-03
    -87.9000   3.193325e-03
    -87.8000   3.225619e-03
    -87.7000   3.257593e-03
    -87.6000   3.289256e-03
    -87.5000   3.320618e-03
    -87.4000   3.351686e-03
    -87.3000   3.382468e-03
    -87.2000   3.412973e-03
    -87.1000   3.443208e-03
    -87.0000   3.451303e-03
    -86.9000   3.437414e-03
    -86.8000   3.423469e-03
    -86.7000   3.409467e-03
    -86.6000   3.395408e-03
    -86.5000   3.381290e-03
    -86.4000   3.367112e-03
    -86.3000   3.352875e-03
    -86.2000   3.338577e-03
    -86.1000   3.324217e-03
    -86.0000   3.296520e-03
    -85.9000   3.255145e-03
    -85.8000   3.213236e-03
    -85.7000   3.170774e-03
    -85.6000   3.127736e-03
    -85.5000   3.084097e-03
    -85.4000   3.039831e-03
    -85.3000   2.994912e-03
    -85.2000   2.949308e-03
    -85.1000   2.902988e-03
    -85.0000   2.882316e-03
    -84.9000   2.887843e-03
    -84.8000   2.893360e-03
    -84.7000   2.898866e-03
    -84.6000   2.904361e-03
    -84.5000   2.909846e-03
    -84.4000   2.915321e-03
    -84.3000   2.920786e-03
    -84.2000   2.926240e-03
    -84.1000   2.931684e-03
    -84.0000   2.934402e-03
    -83.9000   2.934402e-03
    -83.8000   2.934402e-03
    -83.7000   2.934402e-03
    -83.6000   2.934402e-03
    -83.5000   2.934402e-03
    -83.4000   2.934402e-03
    -83.3000   2.934402e-03
    -83.2000   2.934402e-03
    -83.1000   2.934402e-03
    -83.0000   2.933044e-03
    -82.9000   2.930324e-03
    -82.8000   2.927602e-03
    -82.7000   2.924877e-03
    -82.6000   2.922150e-03
    -82.5000   2.919420e-03
    -82.4000   2.916688e-03
    -82.3000   2.913953e-03
    -82.2000   2.911216e-03
    -82.1000   2.908476e-03
    -82.0000   2.891982e-03
    -81.9000   2.861495e-03
    -81.8000   2.830680e-03
    -81.7000   2.799526e-03
    -81.6000   2.768022e-03
    -81.5000   2.736154e-03
    -81.4000   2.703911e-03
    -81.3000   2.671279e-03
    -81.2000   2.638244e-03
    -81.1000   2.604789e-03
    -81.0000   2.586359e-03
    -80.9000   2.583274e-03
    -80.8000   2.580186e-03
    -80.7000   2.577094e-03
    -80.6000   2.573999e-03
    -80.5000   2.570899e-03
    -80.4000   2.567796e-03
    -80.3000   2.564689e-03
    -80.2000   2.561579e-03
    -80.1000   2.558464e-03
    -80.0000   2.594054e-03
    -79.9000   2.666799e-03
    -79.8000   2.737611e-03
    -79.7000   2.806637e-03
    -79.6000   2.874006e-03
    -79.5000   2.939831e-03
    -79.4000   3.004215e-03
    -79.3000   3.067247e-03
    -79.2000   3.129010e-03
    -79.1000   3.189577e-03
    -79.0000   3.228090e-03
    -78.9000   3.245332e-03
    -78.8000   3.262484e-03
    -78.7000   3.279546e-03
    -78.6000   3.296520e-03
    -78.5000   3.313407e-03
    -78.4000   3.330208e-03
    -78.3000   3.346925e-03
    -78.2000   3.363558e-03
    -78.1000   3.380110e-03
    -78.0000   3.375390e-03
    -77.9000   3.349306e-03
    -77.8000   3.323018e-03
    -77.7000   3.296520e-03
    -77.6000   3.269807e-03
    -77.5000   3.242875e-03
    -77.4000   3.215717e-03
    -77.3000   3.188327e-03
    -77.2000   3.160700e-03
    -77.1000   3.132830e-03
    -77.0000   3.103425e-03
    -76.9000   3.072442e-03
    -76.8000   3.041143e-03
    -76.7000   3.009518e-03
    -76.6000   2.977558e-03
    -76.5000   2.945250e-03
    -76.4000   2.912585e-03
    -76.3000   2.879549e-03
    -76.2000   2.846129e-03
    -76.1000   2.812313e-03
    -76.0000   2.795251e-03
    -75.9000   2.795251e-03
    -75.8000   2.795251e-03
    -75.7000   2.795251e-03
    -75.6000   2.795251e-03
    -75.5000   2.795251e-03
    -75.4000   2.795251e-03
    -75.3000   2.795251e-03
    -75.2000   2.795251e-03
    -75.1000   2.795251e-03
    -75.0000   2.812313e-03
    -74.9000   2.846129e-03
    -74.8000   2.879549e-03
    -74.7000   2.912585e-03
    -74.6000   2.945250e-03
    -74.5000   2.977558e-03
    -74.4000   3.009518e-03
    -74.3000   3.041143e-03
    -74.2000   3.072442e-03
    -74.1000   3.103425e-03
    -74.0000   3.089263e-03
    -73.9000   3.029322e-03
    -73.8000   2.968171e-03
    -73.7000   2.905733e-03
    -73.6000   2.841924e-03
    -73.5000   2.776649e-03
    -73.4000   2.709802e-03
    -73.3000   2.641264e-03
    -73.2000   2.570899e-03
    -73.1000   2.498554e-03
    -73.0000   2.430619e-03
    -72.9000   2.367475e-03
    -72.8000   2.302601e-03
    -72.7000   2.235844e-03
    -72.6000   2.167033e-03
    -72.5000   2.095963e-03
    -72.4000   2.022397e-03
    -72.3000   1.946053e-03
    -72.2000   1.866588e-03
    -72.1000   1.783587e-03
    -72.0000   1.740602e-03
    -71.9000   1.740602e-03
    -71.8000   1.740602e-03
    -71.7000   1.740602e-03
    -71.6000   1.740602e-03
    -71.5000   1.740602e-03
    -71.4000   1.740602e-03
    -71.3000   1.740602e-03
    -71.2000   1.740602e-03
    -71.1000   1.740602e-03
    -71.0000   1.742891e-03
    -70.9000   1.747460e-03
    -70.8000   1.752016e-03
    -70.7000   1.756561e-03
    -70.6000   1.761094e-03
    -70.5000   1.765616e-03
    -70.4000   1.770125e-03
    -70.3000   1.774624e-03
    -70.2000   1.779111e-03
    -70.1000   1.783587e-03
    -70.0000   1.801379e-03
    -69.9000   1.832099e-03
    -69.8000   1.862312e-03
    -69.7000   1.892043e-03
    -69.6000   1.921314e-03
    -69.5000   1.950145e-03
    -69.4000   1.978557e-03
    -69.3000   2.006566e-03
    -69.2000   2.034190e-03
    -69.1000   2.061443e-03
    -69.0000   2.057572e-03
    -68.9000   2.022397e-03
    -68.8000   1.986600e-03
    -68.7000   1.950145e-03
    -68.6000   1.912996e-03
    -68.5000   1.875111e-03
    -68.4000   1.836445e-03
    -68.3000   1.796947e-03
    -68.2000   1.756561e-03
    -68.1000   1.715224e-03
    -68.0000   1.687104e-03
    -67.9000   1.672867e-03
    -67.8000   1.658507e-03
    -67.7000   1.644022e-03
    -67.6000   1.629408e-03
    -67.5000   1.614662e-03
    -67.4000   1.599780e-03
    -67.3000   1.584758e-03
    -67.2000   1.569593e-03
    -67.1000   1.554279e-03
    -67.0000   1.541402e-03
    -66.9000   1.531022e-03
    -66.8000   1.520571e-03
    -66.7000   1.510048e-03
    -66.6000   1.499451e-03
    -66.5000   1.488779e-03
    -66.4000   1.478029e-03
    -66.3000   1.467201e-03
    -66.2000   1.456292e-03
    -66.1000   1.445301e-03
    -66.0000   1.480724e-03
    -65.9000   1.559401e-03
    -65.8000   1.634294e-03
    -65.7000   1.705903e-03
    -65.6000   1.774624e-03
    -65.5000   1.840782e-03
    -65.4000   1.904643e-03
    -65.3000   1.966431e-03
    -65.2000   2.026336e-03
    -65.1000   2.084520e-03
    -65.0000   2.131794e-03
    -64.9000   2.168871e-03
    -64.8000   2.205326e-03
    -64.7000   2.241187e-03
    -64.6000   2.276483e-03
    -64.5000   2.311241e-03
    -64.4000   2.345483e-03
    -64.3000   2.379233e-03
    -64.2000   2.412511e-03
    -64.1000   2.445335e-03
    -64.0000   2.438806e-03
    -63.9000   2.392599e-03
    -63.8000   2.345483e-03
    -63.7000   2.297401e-03
    -63.6000   2.248290e-03
    -63.5000   2.198083e-03
    -63.4000   2.146702e-03
    -63.3000   2.094060e-03
    -63.2000   2.040060e-03
    -63.1000   1.984592e-03
    -63.0000   1.952188e-03
    -62.9000   1.944003e-03
    -62.8000   1.935783e-03
    -62.7000   1.927528e-03
    -62.6000   1.919238e-03
    -62.5000   1.910911e-03
    -62.4000   1.902548e-03
    -62.3000   1.894149e-03
    -62.2000   1.885711e-03
    -62.1000   1.877236e-03
    -62.0000   1.860170e-03
    -61.9000   1.834273e-03
    -61.8000   1.808005e-03
    -61.7000   1.781350e-03
    -61.6000   1.754290e-03
    -61.5000   1.726806e-03
    -61.4000   1.698878e-03
    -61.3000   1.670482e-03
    -61.2000   1.641595e-03
    -61.1000   1.612191e-03
    -61.0000   1.612191e-03
    -60.9000   1.641595e-03
    -60.8000   1.670482e-03
    -60.7000   1.698878e-03
    -60.6000   1.726806e-03
    -60.5000   1.754290e-03
    -60.4000   1.781350e-03
    -60.3000   1.808005e-03
    -60.2000   1.834273e-03
    -60.1000   1.860170e-03
    -60.0000   1.838615e-03
    -59.9000   1.767872e-03
    -59.8000   1.694178e-03
    -59.7000   1.617129e-03
    -59.6000   1.536221e-03
    -59.5000   1.450807e-03
    -59.4000   1.360040e-03
    -59.3000   1.262766e-03
    -59.2000   1.157344e-03
    -59.1000   1.041303e-03
    -59.0000   9.279395e-04
    -58.9000   8.183657e-04
    -58.8000   6.916453e-04
    -58.7000   5.357461e-04
    -58.6000   3.093132e-04
    -58.5000   1.000000e-04
    -58.4000   1.000000e-04
    -58.3000   1.000000e-04
    -58.2000   1.000000e-04
    -58.1000   1.000000e-04
    -58.0000   1.000000e-04
    -57.9000   1.000000e-04
    -57.8000   1.000000e-04
    -57.7000   1.000000e-04
    -57.6000   1.000000e-04
    -57.5000   1.000000e-04
    -57.4000   1.000000e-04
    -57.3000   1.000000e-04
    -57.2000   1.000000e-04
    -57.1000   1.000000e-04
    -57.0000   1.000000e-04
    -56.9000   1.000000e-04
    -56.8000   1.000000e-04
    -56.7000   1.262766e-04
    -56.6000   3.340964e-04
    -56.5000   4.552967e-04
    -56.4000   5.504268e-04
    -56.3000   6.313829e-04
    -56.2000   7.030782e-04
    -56.1000   7.681104e-04
    -56.0000   8.517820e-04
    -55.9000   9.491766e-04
    -55.8000   1.037468e-03
    -55.7000   1.118813e-03
    -55.6000   1.194632e-03
    -55.5000   1.265919e-03
    -55.4000   1.333399e-03
    -55.3000   1.397626e-03
    -55.2000   1.459027e-03
    -55.1000   1.517947e-03
    -55.0000   1.579719e-03
    -54.9000   1.644022e-03
    -54.8000   1.705903e-03
    -54.7000   1.765616e-03
    -54.6000   1.823374e-03
    -54.5000   1.879359e-03
    -54.4000   1.933723e-03
    -54.3000   1.986600e-03
    -54.2000   2.038105e-03
    -54.1000   2.088341e-03
    -54.0000   2.124301e-03
    -53.9000   2.146702e-03
    -53.8000   2.168871e-03
    -53.7000   2.190817e-03
    -53.6000   2.212544e-03
    -53.5000   2.234061e-03
    -53.4000   2.255372e-03
    -53.3000   2.276483e-03
    -53.2000   2.297401e-03
    -53.1000   2.318130e-03
    -53.0000   2.342081e-03
    -52.9000   2.369158e-03
    -52.8000   2.395929e-03
    -52.7000   2.422405e-03
    -52.6000   2.448594e-03
    -52.5000   2.474505e-03
    -52.4000   2.500149e-03
    -52.3000   2.525531e-03
    -52.2000   2.550662e-03
    -52.1000   2.575547e-03
    -52.0000   2.600194e-03
    -51.9000   2.624609e-03
    -51.8000   2.648800e-03
    -51.7000   2.672771e-03
    -51.6000   2.696530e-03
    -51.5000   2.720081e-03
    -51.4000   2.743429e-03
    -51.3000   2.766581e-03
    -51.2000   2.789541e-03
    -51.1000   2.812313e-03
    -51.0000   2.810895e-03
    -50.9000   2.785250e-03
    -50.8000   2.759367e-03
    -50.7000   2.733239e-03
    -50.6000   2.706858e-03
    -50.5000   2.680218e-03
    -50.4000   2.653311e-03
    -50.3000   2.626128e-03
    -50.2000   2.598660e-03
    -50.1000   2.570899e-03
    -50.0000   2.563134e-03
    -49.9000   2.575547e-03
    -49.8000   2.587900e-03
    -49.7000   2.600194e-03
    -49.6000   2.612430e-03
    -49.5000   2.624609e-03
    -49.4000   2.636732e-03
    -49.3000   2.648800e-03
    -49.2000   2.660812e-03
    -49.1000   2.672771e-03
    -49.0000   2.680218e-03
    -48.9000   2.683191e-03
    -48.8000   2.686161e-03
    -48.7000   2.689128e-03
    -48.6000   2.692091e-03
    -48.5000   2.695051e-03
    -48.4000   2.698008e-03
    -48.3000   2.700961e-03
    -48.2000   2.703911e-03
    -48.1000   2.706858e-03
    -48.0000   2.782386e-03
    -47.9000   2.924877e-03
    -47.8000   3.060742e-03
    -47.7000   3.190827e-03
    -47.6000   3.315812e-03
    -47.5000   3.436254e-03
    -47.4000   3.552616e-03
    -47.3000   3.665285e-03
    -47.2000   3.774592e-03
    -47.1000   3.880822e-03
    -47.0000   3.955098e-03
    -46.9000   3.999201e-03
    -46.8000   4.042823e-03
    -46.7000   4.085979e-03
    -46.6000   4.128684e-03
    -46.5000   4.170952e-03
    -46.4000   4.212795e-03
    -46.3000   4.254228e-03
    -46.2000   4.295260e-03
    -46.1000   4.335904e-03
    -46.0000   4.472580e-03
    -45.9000   4.696911e-03
    -45.8000   4.911006e-03
    -45.7000   5.116149e-03
    -45.6000   5.313378e-03
    -45.5000   5.503544e-03
    -45.4000   5.687354e-03
    -45.3000   5.865407e-03
    -45.2000   6.038212e-03
    -45.1000   6.206208e-03
    -45.0000   6.343434e-03
    -44.9000   6.451855e-03
    -44.8000   6.558485e-03
    -44.7000   6.663408e-03
    -44.6000   6.766704e-03
    -44.5000   6.868447e-03
    -44.4000   6.968705e-03
    -44.3000   7.067541e-03
    -44.2000   7.165013e-03
    -44.1000   7.261177e-03
    -44.0000   7.355001e-03
    -43.9000   7.446571e-03
    -43.8000   7.537030e-03
    -43.7000   7.626415e-03
    -43.6000   7.714765e-03
    -43.5000   7.802114e-03
    -43.4000   7.888496e-03
    -43.3000   7.973943e-03
    -43.2000   8.058484e-03
    -43.1000   8.142146e-03
    -43.0000   8.197772e-03
    -42.9000   8.225928e-03
    -42.8000   8.253988e-03
    -42.7000   8.281953e-03
    -42.6000   8.309824e-03
    -42.5000   8.337601e-03
    -42.4000   8.365287e-03
    -42.3000   8.392881e-03
    -42.2000   8.420385e-03
    -42.1000   8.447799e-03
    -42.0000   8.443079e-03
    -41.9000   8.406170e-03
    -41.8000   8.369098e-03
    -41.7000   8.331862e-03
    -41.6000   8.294458e-03
    -41.5000   8.256885e-03
    -41.4000   8.219140e-03
    -41.3000   8.181221e-03
    -41.2000   8.143126e-03
    -41.1000   8.104851e-03
    -41.0000   8.078740e-03
    -40.9000   8.064912e-03
    -40.8000   8.051060e-03
    -40.7000   8.037184e-03
    -40.6000   8.023284e-03
    -40.5000   8.009360e-03
    -40.4000   7.995411e-03
    -40.3000   7.981439e-03
    -40.2000   7.967441e-03
    -40.1000   7.953419e-03
    -40.0000   7.881418e-03
    -39.9000   7.749823e-03
    -39.8000   7.615953e-03
    -39.7000   7.479689e-03
    -39.6000   7.340895e-03
    -39.5000   7.199426e-03
    -39.4000   7.055121e-03
    -39.3000   6.907802e-03
    -39.2000   6.757272e-03
    -39.1000   6.603311e-03
    -39.0000   6.490665e-03
    -38.9000   6.421508e-03
    -38.8000   6.351599e-03
    -38.7000   6.280911e-03
    -38.6000   6.209418e-03
    -38.5000   6.137093e-03
    -38.4000   6.063906e-03
    -38.3000   5.989824e-03
    -38.2000   5.914814e-03
    -38.1000   5.838841e-03
    -38.0000   5.730647e-03
    -37.9000   5.588362e-03
    -37.8000   5.442359e-03
    -37.7000   5.292329e-03
    -37.6000   5.137920e-03
    -37.5000   4.978725e-03
    -37.4000   4.814268e-03
    -37.3000   4.643992e-03
    -37.2000   4.467229e-03
    -37.1000   4.283178e-03
    -37.0000   4.168083e-03
    -36.9000   4.127718e-03
    -36.8000   4.086954e-03
    -36.7000   4.045780e-03
    -36.6000   4.004182e-03
    -36.5000   3.962148e-03
    -36.4000   3.919662e-03
    -36.3000   3.876711e-03
    -36.2000   3.833279e-03
    -36.1000   3.789349e-03
    -36.0000   3.758717e-03
    -35.9000   3.741709e-03
    -35.8000   3.724624e-03
    -35.7000   3.707459e-03
    -35.6000   3.690215e-03
    -35.5000   3.672890e-03
    -35.4000   3.655483e-03
    -35.3000   3.637993e-03
    -35.2000   3.620418e-03
    -35.1000   3.602757e-03
    -35.0000   3.617113e-03
    -34.9000   3.663109e-03
    -34.8000   3.708535e-03
    -34.7000   3.753410e-03
    -34.6000   3.797756e-03
    -34.5000   3.841590e-03
    -34.4000   3.884929e-03
    -34.3000   3.927790e-03
    -34.2000   3.970188e-03
    -34.1000   4.012139e-03
    -34.0000   4.052671e-03
    -33.9000   4.091829e-03
    -33.8000   4.130615e-03
    -33.7000   4.169040e-03
    -33.6000   4.207114e-03
    -33.5000   4.244847e-03
    -33.4000   4.282247e-03
    -33.3000   4.319323e-03
    -33.2000   4.356084e-03
    -33.1000   4.392537e-03
    -33.0000   4.392537e-03
    -32.9000   4.356084e-03
    -32.8000   4.319323e-03
    -32.7000   4.282247e-03
    -32.6000   4.244847e-03
    -32.5000   4.207114e-03
    -32.4000   4.169040e-03
    -32.3000   4.130615e-03
    -32.2000   4.091829e-03
    -32.1000   4.052671e-03
    -32.0000   4.059551e-03
    -31.9000   4.112237e-03
    -31.8000   4.164256e-03
    -31.7000   4.215633e-03
    -31.6000   4.266392e-03
    -31.5000   4.316554e-03
    -31.4000   4.366139e-03
    -31.3000   4.415168e-03
    -31.2000   4.463658e-03
    -31.1000   4.511627e-03
    -31.0000   4.531904e-03
    -30.9000   4.524862e-03
    -30.8000   4.517808e-03
    -30.7000   4.510743e-03
    -30.6000   4.503668e-03
    -30.5000   4.496581e-03
    -30.4000   4.489483e-03
    -30.3000   4.482374e-03
    -30.2000   4.475253e-03
    -30.1000   4.468121e-03
    -30.0000   4.508091e-03
    -29.9000   4.593934e-03
    -29.8000   4.678202e-03
    -29.7000   4.760978e-03
    -29.6000   4.842340e-03
    -29.5000   4.922357e-03
    -29.4000   5.001094e-03
    -29.3000   5.078611e-03
    -29.2000   5.154962e-03
    -29.1000   5.230198e-03
    -29.0000   5.257566e-03
    -28.9000   5.237815e-03
    -28.8000   5.217989e-03
    -28.7000   5.198087e-03
    -28.6000   5.178109e-03
    -28.5000   5.158054e-03
    -28.4000   5.137920e-03
    -28.3000   5.117708e-03
    -28.2000   5.097415e-03
    -28.1000   5.077041e-03
    -28.0000   5.094285e-03
    -27.9000   5.148771e-03
    -27.8000   5.202687e-03
    -27.7000   5.256049e-03
    -27.6000   5.308875e-03
    -27.5000   5.361180e-03
    -27.4000   5.412980e-03
    -27.3000   5.464289e-03
    -27.2000   5.515121e-03
    -27.1000   5.565489e-03
    -27.0000   5.628876e-03
    -26.9000   5.704851e-03
    -26.8000   5.779826e-03
    -26.7000   5.853842e-03
    -26.6000   5.926933e-03
    -26.5000   5.999134e-03
    -26.4000   6.070476e-03
    -26.3000   6.140989e-03
    -26.2000   6.210702e-03
    -26.1000   6.279641e-03
    -26.0000   6.308775e-03
    -25.9000   6.298657e-03
    -25.8000   6.288523e-03
    -25.7000   6.278372e-03
    -25.6000   6.268204e-03
    -25.5000   6.258020e-03
    -25.4000   6.247820e-03
    -25.3000   6.237602e-03
    -25.2000   6.227368e-03
    -25.1000   6.217118e-03
    -25.0000   6.234406e-03
    -24.9000   6.279006e-03
    -24.8000   6.323292e-03
    -24.7000   6.367270e-03
    -24.6000   6.410946e-03
    -24.5000   6.454326e-03
    -24.4000   6.497417e-03
    -24.3000   6.540224e-03
    -24.2000   6.582753e-03
    -24.1000   6.625009e-03
    -24.0000   6.625610e-03
    -23.9000   6.584569e-03
    -23.8000   6.543271e-03
    -23.7000   6.501711e-03
    -23.6000   6.459883e-03
    -23.5000   6.417782e-03
    -23.4000   6.375404e-03
    -23.3000   6.332742e-03
    -23.2000   6.289790e-03
    -23.1000   6.246543e-03
    -23.0000   6.284083e-03
    -22.9000   6.400989e-03
    -22.8000   6.515798e-03
    -22.7000   6.628618e-03
    -22.6000   6.739550e-03
    -22.5000   6.848685e-03
    -22.4000   6.956109e-03
    -22.3000   7.061898e-03
    -22.2000   7.166126e-03
    -22.1000   7.268859e-03
    -22.0000   7.377189e-03
    -21.9000   7.490873e-03
    -21.8000   7.602856e-03
    -21.7000   7.713214e-03
    -21.6000   7.822016e-03
    -21.5000   7.929324e-03
    -21.4000   8.035200e-03
    -21.3000   8.139698e-03
    -21.2000   8.242872e-03
    -21.1000   8.344770e-03
    -21.0000   8.400477e-03
    -20.9000   8.410911e-03
    -20.8000   8.421331e-03
    -20.7000   8.431739e-03
    -20.6000   8.442134e-03
    -20.5000   8.452516e-03
    -20.4000   8.462886e-03
    -20.3000   8.473243e-03
    -20.2000   8.483587e-03
    -20.1000   8.493918e-03
    -20.0000   8.539322e-03
    -19.9000   8.619243e-03
    -19.8000   8.698430e-03
    -19.7000   8.776903e-03
    -19.6000   8.854680e-03
    -19.5000   8.931780e-03
    -19.4000   9.008220e-03
    -19.3000   9.084017e-03
    -19.2000   9.159187e-03
    -19.1000   9.233745e-03
    -19.0000   9.280254e-03
    -18.9000   9.299136e-03
    -18.8000   9.317979e-03
    -18.7000   9.336784e-03
    -18.6000   9.355552e-03
    -18.5000   9.374281e-03
    -18.4000   9.392974e-03
    -18.3000   9.411629e-03
    -18.2000   9.430248e-03
    -18.1000   9.448830e-03
    -18.0000   9.498063e-03
    -17.9000   9.577476e-03
    -17.8000   9.656237e-03
    -17.7000   9.734359e-03
    -17.6000   9.811860e-03
    -17.5000   9.888754e-03
    -17.4000   9.965054e-03
    -17.3000   1.004077e-02
    -17.2000   1.011593e-02
    -17.1000   1.019053e-02
    -17.0000   1.024164e-02
    -16.9000   1.026963e-02
    -16.8000   1.029754e-02
    -16.7000   1.032538e-02
    -16.6000   1.035314e-02
    -16.5000   1.038083e-02
    -16.4000   1.040844e-02
    -16.3000   1.043598e-02
    -16.2000   1.046344e-02
    -16.1000   1.049084e-02
    -16.0000   1.062113e-02
    -15.9000   1.085060e-02
    -15.8000   1.107533e-02
    -15.7000   1.129558e-02
    -15.6000   1.151162e-02
    -15.5000   1.172368e-02
    -15.4000   1.193197e-02
    -15.3000   1.213668e-02
    -15.2000   1.233800e-02
    -15.1000   1.253609e-02
    -15.0000   1.266234e-02
    -14.9000   1.271888e-02
    -14.8000   1.277517e-02
    -14.7000   1.283122e-02
    -14.6000   1.288702e-02
    -14.5000   1.294258e-02
    -14.4000   1.299790e-02
    -14.3000   1.305299e-02
    -14.2000   1.310785e-02
    -14.1000   1.316248e-02
    -14.0000   1.329927e-02
    -13.9000   1.351572e-02
    -13.8000   1.372877e-02
    -13.7000   1.393855e-02
    -13.6000   1.414523e-02
    -13.5000   1.434893e-02
    -13.4000   1.454978e-02
    -13.3000   1.474789e-02
    -13.2000   1.494338e-02
    -13.1000   1.513634e-02
    -13.0000   1.527581e-02
    -12.9000   1.536325e-02
    -12.8000   1.545018e-02
    -12.7000   1.553664e-02
    -12.6000   1.562261e-02
    -12.5000   1.570812e-02
    -12.4000   1.579316e-02
    -12.3000   1.587774e-02
    -12.2000   1.596188e-02
    -12.1000   1.604557e-02
    -12.0000   1.615156e-02
    -11.9000   1.627940e-02
    -11.8000   1.640624e-02
    -11.7000   1.653211e-02
    -11.6000   1.665702e-02
    -11.5000   1.678101e-02
    -11.4000   1.690409e-02
    -11.3000   1.702628e-02
    -11.2000   1.714760e-02
    -11.1000   1.726806e-02
    -11.0000   1.751060e-02
    -10.9000   1.787025e-02
    -10.8000   1.822281e-02
    -10.7000   1.856867e-02
    -10.6000   1.890820e-02
    -10.5000   1.924175e-02
    -10.4000   1.956961e-02
    -10.3000   1.989207e-02
    -10.2000   2.020938e-02
    -10.1000   2.052179e-02
    -10.0000   2.071917e-02
     -9.9000   2.080481e-02
     -9.8000   2.089009e-02
     -9.7000   2.097503e-02
     -9.6000   2.105962e-02
     -9.5000   2.114388e-02
     -9.4000   2.122780e-02
     -9.3000   2.131139e-02
     -9.2000   2.139466e-02
     -9.1000   2.147760e-02
     -9.0000   2.149226e-02
     -8.9000   2.143877e-02
     -8.8000   2.138515e-02
     -8.7000   2.133140e-02
     -8.6000   2.127751e-02
     -8.5000   2.122348e-02
     -8.4000   2.116932e-02
     -8.3000   2.111501e-02
     -8.2000   2.106057e-02
     -8.1000   2.100599e-02
     -8.0000   2.090097e-02
     -7.9000   2.074475e-02
     -7.8000   2.058734e-02
     -7.7000   2.042872e-02
     -7.6000   2.026886e-02
     -7.5000   2.010773e-02
     -7.4000   1.994530e-02
     -7.3000   1.978154e-02
     -7.2000   1.961641e-02
     -7.1000   1.944987e-02
     -7.0000   1.934691e-02
     -6.9000   1.930855e-02
     -6.8000   1.927011e-02
     -6.7000   1.923159e-02
     -6.6000   1.919300e-02
     -6.5000   1.915433e-02
     -6.4000   1.911558e-02
     -6.3000   1.907675e-02
     -6.2000   1.903784e-02
     -6.1000   1.899885e-02
     -6.0000   1.891115e-02
     -5.9000   1.877406e-02
     -5.8000   1.863596e-02
     -5.7000   1.849682e-02
     -5.6000   1.835664e-02
     -5.5000   1.821537e-02
     -5.4000   1.807300e-02
     -5.3000   1.792949e-02
     -5.2000   1.778483e-02
     -5.1000   1.763899e-02
     -5.0000   1.729044e-02
     -4.9000   1.672652e-02
     -4.8000   1.614292e-02
     -4.7000   1.553741e-02
     -4.6000   1.490732e-02
     -4.5000   1.424940e-02
     -4.4000   1.355960e-02
     -4.3000   1.283277e-02
     -4.2000   1.206222e-02
     -4.1000   1.123897e-02
     -4.0000   1.054353e-02
     -3.9000   1.000259e-02
     -3.8000   9.430670e-03
     -3.7000   8.821754e-03
     -3.6000   8.167566e-03
     -3.5000   7.456201e-03
     -3.4000   6.669388e-03
     -3.3000   5.776377e-03
     -3.2000   4.717237e-03
     -3.1000   3.337383e-03
     -3.0000   2.331847e-03
     -2.9000   2.269468e-03
     -2.8000   2.205326e-03
     -2.7000   2.139261e-03
     -2.6000   2.071090e-03
     -2.5000   2.000597e-03
     -2.4000   1.927528e-03
     -2.3000   1.851578e-03
     -2.2000   1.772376e-03
     -2.1000   1.689465e-03
     -2.0000   1.496790e-03
     -1.9000   1.139991e-03
     -1.8000   5.989823e-04
     -1.7000   1.000000e-04
     -1.6000   1.000000e-04
     -1.5000   1.000000e-04
     -1.4000   1.000000e-04
     -1.3000   1.000000e-04
     -1.2000   1.000000e-04
     -1.1000   1.000000e-04
     -1.0000   1.000000e-04
     -0.9000   1.000000e-04
     -0.8000   1.000000e-04
     -0.7000   1.000000e-04
     -0.6000   1.000000e-04
     -0.5000   1.000000e-04
     -0.4000   1.000000e-04
     -0.3000   1.000000e-04
     -0.2000   1.000000e-04
     -0.1000   1.000000e-04
     -0.0000   1.000000e-04
